/home/h005/Documents/vpDataSet/kxm/imgs/img0001.jpg
0.983001 0.169816 0.0697954 -1076.09 
-0.0195781 -0.281029 0.959499 -1001.41 
0.182553 -0.944555 -0.272928 -4973.58 
0 0 0 1 
3.00611 0 0 0 
0 4.54478 0 0 
0 0 -1 -0.2 
0 0 -1 0 
/home/h005/Documents/vpDataSet/kxm/imgs/img0004.jpg
0.867816 0.496792 0.00963684 -1107.23 
0.103429 -0.199575 0.974409 -1052.6 
0.486002 -0.844611 -0.224577 -4718.99 
0 0 0 1 
2.34877 0 0 0 
0 3.95871 0 0 
0 0 -1 -0.2 
0 0 -1 0 
/home/h005/Documents/vpDataSet/kxm/imgs/img0005.jpg
0.832447 -0.541616 -0.116979 -1018.07 
-0.190287 -0.477706 0.857664 -1120.65 
-0.520406 -0.6917 -0.500728 -445.667 
0 0 0 1 
1.47126 0 0 0 
0 1.35997 0 0 
0 0 -1 -0.2 
0 0 -1 0 
