./img0001.jpg
0.997722 0.0660598 0.0136782 -53.3992 
-0.0473089 0.540605 0.839945 -22.1239 
-0.0480921 0.838679 -0.542498 -29.9082 
0 0 0 1 
11.0643 0 0 0 
0 6.68285 0 0 
0 0 -1.00001 -1.00001 
0 0 -1 0 
./img0002.jpg
0.933461 -0.353777 0.0590964 -2.29188 
-0.01417 0.128259 0.991639 -10.3433 
0.358399 0.926494 -0.114712 -153.346 
0 0 0 1 
2.60612 0 0 0 
0 3.90919 0 0 
0 0 -1.00001 -1.00001 
0 0 -1 0 
./img0004.jpg
0.805125 -0.592665 0.0228535 -44.3411 
0.387169 0.554372 0.73673 -39.347 
0.449303 0.584312 -0.675801 -42.6537 
0 0 0 1 
5.90367 0 0 0 
0 4.19124 0 0 
0 0 -1.00001 -1.00001 
0 0 -1 0 
./img0005.jpg
0.954646 0.291196 -0.0621005 -54.0796 
-0.094857 0.49515 0.863614 -10.6455 
-0.28223 0.818554 -0.500315 -17.0712 
0 0 0 1 
3.29468 0 0 0 
0 2.63574 0 0 
0 0 -1.00001 -1.00001 
0 0 -1 0 
./img0006.jpg
0.944414 0.328758 0.000694887 -50.2972 
-0.150868 0.431514 0.889401 -13.3058 
-0.292098 0.840068 -0.457127 -46.5109 
0 0 0 1 
19.6455 0 0 0 
0 14.7341 0 0 
0 0 -1.00001 -1.00001 
0 0 -1 0 
./img0007.jpg
0.720071 -0.693847 -0.00856427 -42.9822 
0.519646 0.531025 0.669313 -42.9406 
0.459853 0.486403 -0.742931 -35.4722 
0 0 0 1 
1.72933 0 0 0 
0 2.59653 0 0 
0 0 -1.00001 -1.00001 
0 0 -1 0 
./img0008.jpg
0.855566 -0.494841 0.152114 -52.2057 
0.222309 0.61654 0.755286 -31.6247 
0.467531 0.612381 -0.637499 -47.2418 
0 0 0 1 
6.06735 0 0 0 
0 4.55051 0 0 
0 0 -1.00001 -1.00001 
0 0 -1 0 
./img0009.jpg
0.931638 0.357243 -0.0665364 -52.2078 
-0.162296 0.57288 0.803411 -6.02167 
-0.325131 0.73769 -0.591696 -15.8875 
0 0 0 1 
5.07027 0 0 0 
0 3.37688 0 0 
0 0 -1.00001 -1.00001 
0 0 -1 0 
./img0010.jpg
0.999908 -0.0118807 0.0065419 -61.785 
-0.002262 0.329502 0.944152 -27.8667 
0.0133728 0.94408 -0.329445 -106.966 
0 0 0 1 
6.66497 0 0 0 
0 9.9634 0 0 
0 0 -1.00001 -1.00001 
0 0 -1 0 
./img0011.jpg
0.996565 0.081297 0.0157501 -54.0979 
-0.0271178 0.140683 0.989683 -10.1337 
-0.0782425 0.986711 -0.142404 -108.144 
0 0 0 1 
2.98203 0 0 0 
0 3.72845 0 0 
0 0 -1.00001 -1.00001 
0 0 -1 0 
./img0013.jpg
0.755303 -0.652124 0.065205 -18.8345 
0.123274 0.239081 0.963143 -20.308 
0.643678 0.719427 -0.260969 -77.6645 
0 0 0 1 
1.30237 0 0 0 
0 1.86053 0 0 
0 0 -1.00001 -1.00001 
0 0 -1 0 
./img0015.jpg
0.992271 0.123876 0.0072058 -63.0593 
-0.0502575 0.348119 0.936102 -14.1003 
-0.113453 0.92923 -0.351654 -75.3387 
0 0 0 1 
2.59056 0 0 0 
0 3.56201 0 0 
0 0 -1.00001 -1.00001 
0 0 -1 0 
./img0016.jpg
0.979307 -0.193791 0.0583311 -45.3306 
-0.00708497 0.25522 0.966857 -15.122 
0.202256 0.947263 -0.248566 -72.3201 
0 0 0 1 
3.75306 0 0 0 
0 6.36882 0 0 
0 0 -1.00001 -1.00001 
0 0 -1 0 
./img0017.jpg
0.905941 -0.418235 0.065954 -57.9063 
0.213882 0.586485 0.781211 -31.102 
0.365411 0.693624 -0.620774 -49.4605 
0 0 0 1 
3.42396 0 0 0 
0 4.70622 0 0 
0 0 -1.00001 -1.00001 
0 0 -1 0 
./img0020.jpg
0.811881 0.583753 -0.00908835 -42.4711 
-0.491938 0.692403 0.527802 12.3718 
-0.314399 0.424042 -0.849319 9.05801 
0 0 0 1 
7.8044 0 0 0 
0 5.85473 0 0 
0 0 -1.00001 -1.00001 
0 0 -1 0 
./img0021.jpg
0.998464 0.0475872 0.0283827 -53.9732 
-0.0400917 0.266893 0.962892 -25.7456 
-0.0382462 0.962551 -0.268391 -116.166 
0 0 0 1 
14.0358 0 0 0 
0 9.36178 0 0 
0 0 -1.00001 -1.00001 
0 0 -1 0 
./img0022.jpg
0.999008 -0.0295685 0.0332829 -7.71623 
-0.025381 0.23594 0.971436 -21.4461 
0.0365766 0.971318 -0.234955 -121.886 
0 0 0 1 
1.6259 0 0 0 
0 2.43766 0 0 
0 0 -1.00001 -1.00001 
0 0 -1 0 
./img0023.jpg
0.808578 -0.586123 0.0515907 -45.4133 
0.253354 0.42596 0.868545 -28.6949 
0.53105 0.689215 -0.492918 -52.1723 
0 0 0 1 
3.05007 0 0 0 
0 2.28309 0 0 
0 0 -1.00001 -1.00001 
0 0 -1 0 
./img0025.jpg
0.997739 0.0633867 0.0223528 -52.8236 
-0.0276963 0.0847156 0.99602 -2.74524 
-0.0612409 0.994387 -0.0862797 -132.947 
0 0 0 1 
5.12129 0 0 0 
0 3.37085 0 0 
0 0 -1.00001 -1.00001 
0 0 -1 0 
./img0026.jpg
0.83151 -0.553273 0.0498017 -44.9756 
0.304188 0.528504 0.792561 -34.7551 
0.464823 0.643873 -0.607756 -46.8564 
0 0 0 1 
4.49472 0 0 0 
0 6.74883 0 0 
0 0 -1.00001 -1.00001 
0 0 -1 0 
./img0027.jpg
0.807456 0.58154 -0.0991236 -53.0248 
-0.178167 0.400577 0.898774 -6.40076 
-0.56238 0.70806 -0.42706 -2.41588 
0 0 0 1 
1.96882 0 0 0 
0 2.62509 0 0 
0 0 -1.00001 -1.00001 
0 0 -1 0 
./img0028.jpg
0.998621 -0.0303045 0.0428671 -45.8162 
-0.0367565 0.179393 0.983091 -20.0444 
0.0374821 0.983311 -0.178031 -183.279 
0 0 0 1 
5.45742 0 0 0 
0 8.20254 0 0 
0 0 -1.00001 -1.00001 
0 0 -1 0 
./img0029.jpg
0.906152 -0.420518 0.0453136 -15.8206 
0.0324475 0.175937 0.983867 -21.0411 
0.421706 0.890062 -0.173071 -167.106 
0 0 0 1 
2.51283 0 0 0 
0 3.76741 0 0 
0 0 -1.00001 -1.00001 
0 0 -1 0 
./img0030.jpg
0.836242 0.545685 -0.0540969 -64.7524 
-0.0706868 0.2051 0.976185 -7.2683 
-0.543785 0.812503 -0.210086 -22.5869 
0 0 0 1 
1.46169 0 0 0 
0 2.19253 0 0 
0 0 -1.00001 -1.00001 
0 0 -1 0 
./img0031.jpg
0.839897 -0.539234 0.0616407 -13.1459 
-0.0203685 0.0821758 0.99641 -2.90709 
0.542363 0.838137 -0.0580358 -191.208 
0 0 0 1 
2.74114 0 0 0 
0 3.41891 0 0 
0 0 -1.00001 -1.00001 
0 0 -1 0 
./img0032.jpg
0.869342 -0.488426 0.0753922 -14.4969 
0.0116321 0.17273 0.9849 -19.5984 
0.494074 0.855338 -0.155843 -172.716 
0 0 0 1 
3.48739 0 0 0 
0 5.22854 0 0 
0 0 -1.00001 -1.00001 
0 0 -1 0 
./img0034.jpg
0.990715 0.115588 0.0715755 -54.6959 
-0.123326 0.542482 0.830966 -12.4792 
-0.0572216 0.832077 -0.5517 -30.7486 
0 0 0 1 
7.64201 0 0 0 
0 3.94837 0 0 
0 0 -1.00001 -1.00001 
0 0 -1 0 
./img0035.jpg
0.957089 -0.288038 0.0318458 -31.6524 
0.0345908 0.222656 0.974283 -23.6117 
0.287721 0.931375 -0.223065 -126.374 
0 0 0 1 
4.17565 0 0 0 
0 6.2788 0 0 
0 0 -1.00001 -1.00001 
0 0 -1 0 
./img0036.jpg
0.98283 -0.180296 0.0392256 -54.4879 
0.0721125 0.571014 0.817767 -24.6879 
0.169839 0.800897 -0.574211 -39.1505 
0 0 0 1 
4.04577 0 0 0 
0 5.39436 0 0 
0 0 -1.00001 -1.00001 
0 0 -1 0 
./img0038.jpg
0.941253 -0.336473 0.0288033 -51.3601 
0.0474526 0.216224 0.97519 -26.5316 
0.334353 0.916533 -0.219488 -169.018 
0 0 0 1 
7.63161 0 0 0 
0 11.4923 0 0 
0 0 -1.00001 -1.00001 
0 0 -1 0 
./img0041.jpg
0.839299 -0.540299 0.0604488 -22.1289 
0.00808653 0.12358 0.992302 -12.918 
0.54361 0.832349 -0.10809 -192.855 
0 0 0 1 
1.8113 0 0 0 
0 2.69982 0 0 
0 0 -1.00001 -1.00001 
0 0 -1 0 
./img0043.jpg
0.834785 -0.546773 0.0646024 -46.7468 
0.325413 0.584633 0.743176 -35.8348 
0.444117 0.59937 -0.66597 -41.9513 
0 0 0 1 
3.44196 0 0 0 
0 4.59485 0 0 
0 0 -1.00001 -1.00001 
0 0 -1 0 
./img0046.jpg
0.993137 -0.100985 0.0590025 -48.9819 
-0.0406787 0.174736 0.983775 -17.8321 
0.109656 0.979423 -0.169429 -172.772 
0 0 0 1 
11.9344 0 0 0 
0 7.97178 0 0 
0 0 -1.00001 -1.00001 
0 0 -1 0 
./img0047.jpg
0.641333 -0.750964 0.157303 -9.10082 
0.161006 0.332176 0.929374 -22.8879 
0.750179 0.570712 -0.333945 -76.8683 
0 0 0 1 
1.55639 0 0 0 
0 2.81276 0 0 
0 0 -1.00001 -1.00001 
0 0 -1 0 
./img0050.jpg
0.807503 -0.582841 0.0907472 -48.7102 
-0.0308814 0.111861 0.993244 -7.49541 
0.589054 0.80485 -0.0723293 -203.445 
0 0 0 1 
5.99109 0 0 0 
0 3.97846 0 0 
0 0 -1.00001 -1.00001 
0 0 -1 0 
./img0051.jpg
0.777235 0.626228 -0.0611874 -61.1178 
-0.0693701 0.181936 0.980861 -5.09949 
-0.625375 0.758114 -0.184848 -18.5796 
0 0 0 1 
1.63019 0 0 0 
0 2.17358 0 0 
0 0 -1.00001 -1.00001 
0 0 -1 0 
./img0052.jpg
0.969166 -0.241922 0.0468172 -43.2528 
-0.00583113 0.167427 0.985867 -12.5851 
0.246341 0.955742 -0.160854 -111.141 
0 0 0 1 
5.52754 0 0 0 
0 3.99581 0 0 
0 0 -1.00001 -1.00001 
0 0 -1 0 
./img0053.jpg
0.921394 -0.382176 0.0705368 -12.7444 
0.0033121 0.189216 0.98193 -16.9457 
0.388617 0.90451 -0.175609 -120.865 
0 0 0 1 
2.42365 0 0 0 
0 3.23153 0 0 
0 0 -1.00001 -1.00001 
0 0 -1 0 
./img0054.jpg
0.549749 -0.830292 0.0915983 -10.4396 
0.0153682 0.11969 0.992692 -18.3398 
0.835188 0.544324 -0.0785595 -256.609 
0 0 0 1 
8.49548 0 0 0 
0 11.3273 0 0 
0 0 -1.00001 -1.00001 
0 0 -1 0 
./img0055.jpg
0.9985 -0.00848897 -0.0540905 -52.9835 
0.0520387 0.454303 0.889326 -27.008 
-0.017024 0.890807 -0.454063 -13.051 
0 0 0 1 
3.08559 0 0 0 
0 2.02492 0 0 
0 0 -1.00001 -1.00001 
0 0 -1 0 
./img0056.jpg
0.955856 0.267837 -0.120843 -47.8512 
-0.213562 0.915722 0.340358 1.63271 
-0.201819 0.299526 -0.932498 4.88858 
0 0 0 1 
8.63445 0 0 0 
0 11.4515 0 0 
0 0 -1.00001 -1.00001 
0 0 -1 0 
./img0057.jpg
0.727552 -0.679862 0.0919545 -19.8471 
0.225437 0.363508 0.903903 -26.9443 
0.647955 0.636907 -0.417738 -72.2933 
0 0 0 1 
1.69931 0 0 0 
0 2.57471 0 0 
0 0 -1.00001 -1.00001 
0 0 -1 0 
./img0058.jpg
0.784454 -0.614473 0.0839943 -41.0381 
0.315476 0.511961 0.798981 -35.5786 
0.533954 0.600266 -0.595462 -50.3424 
0 0 0 1 
4.43383 0 0 0 
0 2.9463 0 0 
0 0 -1.00001 -1.00001 
0 0 -1 0 
./img0059.jpg
0.964234 -0.261396 0.0438713 -9.30762 
0.00175366 0.171807 0.985129 -16.6462 
0.265046 0.949818 -0.166121 -141.918 
0 0 0 1 
2.1391 0 0 0 
0 3.42008 0 0 
0 0 -1.00001 -1.00001 
0 0 -1 0 
./img0060.jpg
0.929937 -0.36461 0.0477153 -52.7449 
0.232508 0.683556 0.691875 -22.3993 
0.284881 0.632306 -0.720439 -22.6582 
0 0 0 1 
2.89115 0 0 0 
0 2.16889 0 0 
0 0 -1.00001 -1.00001 
0 0 -1 0 
./img0061.jpg
0.803653 -0.592184 0.0588292 -45.3194 
0.399899 0.610609 0.683548 -38.7995 
0.440707 0.525809 -0.727531 -37.606 
0 0 0 1 
6.61651 0 0 0 
0 4.42609 0 0 
0 0 -1.00001 -1.00001 
0 0 -1 0 
./img0062.jpg
0.799442 -0.59607 0.0747816 -17.2263 
0.135283 0.299913 0.944326 -28.0724 
0.585312 0.744817 -0.320401 -87.5794 
0 0 0 1 
1.83262 0 0 0 
0 2.74893 0 0 
0 0 -1.00001 -1.00001 
0 0 -1 0 
./img0063.jpg
0.935929 -0.345395 0.0688445 -31.4311 
0.00381731 0.205413 0.978668 -13.1894 
0.352168 0.915701 -0.193571 -84.825 
0 0 0 1 
2.46553 0 0 0 
0 3.27862 0 0 
0 0 -1.00001 -1.00001 
0 0 -1 0 
./img0065.jpg
0.833563 0.546936 -0.0776711 -61.2036 
-0.135876 0.33927 0.930824 -11.5258 
-0.535453 0.765347 -0.357118 -20.7042 
0 0 0 1 
2.14324 0 0 0 
0 2.85586 0 0 
0 0 -1.00001 -1.00001 
0 0 -1 0 
./img0067.jpg
0.995606 0.0905124 0.0239988 -53.7939 
-0.0699653 0.548709 0.833081 -14.4135 
-0.0622357 0.831099 -0.552631 -28.5303 
0 0 0 1 
5.11913 0 0 0 
0 3.39943 0 0 
0 0 -1.00001 -1.00001 
0 0 -1 0 
./img0069.jpg
0.815034 -0.575967 0.0630964 -13.7884 
0.0396765 0.164121 0.985642 -13.9262 
0.578052 0.800829 -0.156616 -99.8272 
0 0 0 1 
1.67837 0 0 0 
0 2.7237 0 0 
0 0 -1.00001 -1.00001 
0 0 -1 0 
./img0070.jpg
0.851565 0.513633 -0.104971 -44.8161 
-0.365697 0.725461 0.583071 11.8176 
-0.375637 0.458135 -0.805611 14.6158 
0 0 0 1 
2.79868 0 0 0 
0 1.8667 0 0 
0 0 -1.00001 -1.00001 
0 0 -1 0 
./img0073.jpg
0.824729 -0.562975 0.0536786 -46.9173 
0.328391 0.554017 0.765 -38.1082 
0.460415 0.61329 -0.641789 -47.0302 
0 0 0 1 
5.98783 0 0 0 
0 4.71893 0 0 
0 0 -1.00001 -1.00001 
0 0 -1 0 
./img0074.jpg
0.745095 -0.665215 0.0481972 -41.1178 
0.261681 0.358043 0.896286 -26.6675 
0.613479 0.655206 -0.44085 -54.7771 
0 0 0 1 
2.33312 0 0 0 
0 1.55389 0 0 
0 0 -1.00001 -1.00001 
0 0 -1 0 
./img0075.jpg
0.998942 0.00334361 0.0458683 -53.014 
-0.0407012 0.528632 0.847875 -16.764 
0.0214125 0.848844 -0.528209 -33.7982 
0 0 0 1 
7.17755 0 0 0 
0 3.65185 0 0 
0 0 -1.00001 -1.00001 
0 0 -1 0 
./img0076.jpg
0.981844 0.181089 -0.056479 -51.5999 
-0.0854716 0.688138 0.720528 -13.8127 
-0.169345 0.702618 -0.691122 -12.0863 
0 0 0 1 
4.69495 0 0 0 
0 7.07004 0 0 
0 0 -1.00001 -1.00001 
0 0 -1 0 
./img0077.jpg
0.767684 0.639897 -0.0345416 -39.1702 
-0.496104 0.627565 0.600036 10.2852 
-0.405638 0.443502 -0.799227 9.13761 
0 0 0 1 
8.95213 0 0 0 
0 5.94872 0 0 
0 0 -1.00001 -1.00001 
0 0 -1 0 
./img0078.jpg
0.968034 -0.234714 0.0884245 -41.1592 
-0.00331723 0.340533 0.940227 -22.6821 
0.250796 0.910465 -0.328869 -80.22 
0 0 0 1 
3.33639 0 0 0 
0 5.00215 0 0 
0 0 -1.00001 -1.00001 
0 0 -1 0 
./img0079.jpg
0.939298 0.342921 -0.0111341 -53.2423 
-0.100734 0.306653 0.946476 -9.85151 
-0.327981 0.887901 -0.322583 -40.1575 
0 0 0 1 
4.69944 0 0 0 
0 3.12983 0 0 
0 0 -1.00001 -1.00001 
0 0 -1 0 
./img0081.jpg
0.92439 -0.374512 0.0724114 -26.0912 
-0.0101785 0.165547 0.986149 -10.5095 
0.381312 0.912324 -0.149218 -92.6954 
0 0 0 1 
2.01097 0 0 0 
0 2.68129 0 0 
0 0 -1.00001 -1.00001 
0 0 -1 0 
./img0087.jpg
0.922885 -0.375262 0.0863839 -49.0271 
0.152008 0.561133 0.813649 -34.7357 
0.353804 0.737773 -0.574903 -52.4765 
0 0 0 1 
3.74774 0 0 0 
0 2.98648 0 0 
0 0 -1.00001 -1.00001 
0 0 -1 0 
./img0088.jpg
0.997014 0.0769893 -0.00597769 -62.3881 
-0.03483 0.517436 0.855013 -16.619 
-0.0689199 0.852252 -0.518572 -23.5051 
0 0 0 1 
1.8488 0 0 0 
0 2.46507 0 0 
0 0 -1.00001 -1.00001 
0 0 -1 0 
./img0091.jpg
0.937617 0.347568 0.00840082 -49.7008 
-0.167201 0.429601 0.887405 -13.9045 
-0.304825 0.83345 -0.460915 -32.7931 
0 0 0 1 
6.27405 0 0 0 
0 4.77312 0 0 
0 0 -1.00001 -1.00001 
0 0 -1 0 
./img0092.jpg
0.811861 0.583828 -0.00512094 -42.298 
-0.309872 0.438303 0.843724 3.45519 
-0.494834 0.683399 -0.536753 3.94144 
0 0 0 1 
2.95896 0 0 0 
0 2.17585 0 0 
0 0 -1.00001 -1.00001 
0 0 -1 0 
./img0093.jpg
0.934858 -0.345341 0.0823374 -52.3137 
0.111215 0.505122 0.855852 -26.6419 
0.337151 0.790943 -0.510625 -51.6968 
0 0 0 1 
12.957 0 0 0 
0 16.1963 0 0 
0 0 -1.00001 -1.00001 
0 0 -1 0 
./img0094.jpg
0.983891 -0.176001 0.0313334 -44.7925 
0.00345005 0.193936 0.981008 -20.9721 
0.178735 0.965097 -0.191419 -149.552 
0 0 0 1 
5.45912 0 0 0 
0 8.10164 0 0 
0 0 -1.00001 -1.00001 
0 0 -1 0 
./img0096.jpg
0.942021 -0.333349 0.0384084 -25.8027 
0.00606264 0.131352 0.991317 -11.8615 
0.335499 0.933609 -0.125757 -120.487 
0 0 0 1 
3.27756 0 0 0 
0 3.27756 0 0 
0 0 -1.00001 -1.00001 
0 0 -1 0 
./img0097.jpg
0.988067 -0.141923 0.0598371 -54.1246 
0.0275303 0.544978 0.837998 -23.5921 
0.151542 0.826351 -0.542383 -41.2391 
0 0 0 1 
9.88408 0 0 0 
0 7.27793 0 0 
0 0 -1.00001 -1.00001 
0 0 -1 0 
./img0098.jpg
0.991435 0.127163 0.0297696 -46.6657 
-0.0537485 0.189536 0.980402 -15.3926 
-0.119028 0.973605 -0.194748 -131.184 
0 0 0 1 
5.62462 0 0 0 
0 4.53155 0 0 
0 0 -1.00001 -1.00001 
0 0 -1 0 
./img0099.jpg
0.686121 -0.724878 0.0615676 -38.4139 
0.33968 0.394054 0.854013 -40.6794 
0.643316 0.565043 -0.516595 -74.8746 
0 0 0 1 
5.96294 0 0 0 
0 3.98306 0 0 
0 0 -1.00001 -1.00001 
0 0 -1 0 
./img0100.jpg
0.918957 -0.393999 0.0167851 -56.3536 
0.120996 0.322209 0.938904 -22.5736 
0.375336 0.860782 -0.343769 -67.1099 
0 0 0 1 
3.48136 0 0 0 
0 2.31184 0 0 
0 0 -1.00001 -1.00001 
0 0 -1 0 
./img0101.jpg
0.967052 -0.249263 0.0517587 -35.5161 
-0.0235721 0.114765 0.993113 -9.31853 
0.253487 0.961612 -0.105108 -155.135 
0 0 0 1 
3.21119 0 0 0 
0 4.00031 0 0 
0 0 -1.00001 -1.00001 
0 0 -1 0 
./img0102.jpg
0.988613 0.139411 0.0566469 -35.1662 
-0.0654329 0.0592644 0.996095 -14.0112 
-0.135509 0.98846 -0.0677116 -456.249 
0 0 0 1 
10.3713 0 0 0 
0 16.594 0 0 
0 0 -1.00001 -1.00001 
0 0 -1 0 
./img0103.jpg
0.895436 -0.441346 0.0583762 -50.0139 
0.197128 0.510641 0.836891 -33.6833 
0.399168 0.737875 -0.544248 -58.3883 
0 0 0 1 
9.04825 0 0 0 
0 6.0212 0 0 
0 0 -1.00001 -1.00001 
0 0 -1 0 
./img0104.jpg
0.90639 -0.419377 0.050789 -49.5057 
0.0231513 0.16936 0.985282 -20.8978 
0.421806 0.891875 -0.163215 -178.445 
0 0 0 1 
11.1812 0 0 0 
0 7.46247 0 0 
0 0 -1.00001 -1.00001 
0 0 -1 0 
./img0105.jpg
0.949684 -0.312397 0.0225334 -52.9272 
0.0161199 0.120599 0.99257 -26.9024 
0.312794 0.942265 -0.119567 -105.048 
0 0 0 1 
3.70742 0 0 0 
0 5.55835 0 0 
0 0 -1.00001 -1.00001 
0 0 -1 0 
./img0107.jpg
0.808926 -0.586938 0.0337996 -51.2787 
0.133759 0.239722 0.961583 -23.4544 
0.572492 0.773329 -0.272425 -94.5792 
0 0 0 1 
1.98508 0 0 0 
0 2.64677 0 0 
0 0 -1.00001 -1.00001 
0 0 -1 0 
./img0108.jpg
0.96349 -0.251684 0.0913347 -49.0998 
0.0242264 0.421678 0.906422 -15.6027 
0.266646 0.871116 -0.41238 -44.3065 
0 0 0 1 
2.6067 0 0 0 
0 2.08536 0 0 
0 0 -1.00001 -1.00001 
0 0 -1 0 
./img0110.jpg
0.99309 -0.116963 0.00961253 -52.7513 
0.0166393 0.22141 0.975039 -23.3064 
0.116172 0.968141 -0.221826 -93.2535 
0 0 0 1 
7.05647 0 0 0 
0 4.68594 0 0 
0 0 -1.00001 -1.00001 
0 0 -1 0 
./img0111.jpg
0.868938 0.492972 -0.0438826 -51.3086 
-0.18439 0.404743 0.895647 -6.7157 
-0.45929 0.77017 -0.442596 -15.9283 
0 0 0 1 
4.66386 0 0 0 
0 3.49431 0 0 
0 0 -1.00001 -1.00001 
0 0 -1 0 
./img0113.jpg
0.961111 -0.269338 0.0610167 -43.0604 
0.000701695 0.223326 0.974744 -17.8247 
0.276162 0.936794 -0.21483 -97.7698 
0 0 0 1 
3.07189 0 0 0 
0 4.22231 0 0 
0 0 -1.00001 -1.00001 
0 0 -1 0 
./img0114.jpg
0.980385 -0.193808 0.0358294 -52.8164 
0.0537056 0.437604 0.897563 -21.7609 
0.189634 0.878033 -0.439429 -44.6859 
0 0 0 1 
3.79001 0 0 0 
0 2.78329 0 0 
0 0 -1.00001 -1.00001 
0 0 -1 0 
./img0115.jpg
0.879786 -0.475363 0.00251942 -29.3364 
0.068997 0.132937 0.98872 -13.6855 
0.470336 0.869688 -0.149755 -119.011 
0 0 0 1 
2.3051 0 0 0 
0 3.07347 0 0 
0 0 -1.00001 -1.00001 
0 0 -1 0 
./img0116.jpg
0.807158 0.194421 -0.557401 -30.9559 
0.394668 0.524459 0.75444 -39.1494 
-0.439013 0.828941 -0.34659 28.0481 
0 0 0 1 
0.273217 0 0 0 
0 0.204963 0 0 
0 0 -1.00001 -1.00001 
0 0 -1 0 
./img0117.jpg
0.994693 -0.0914659 0.047124 -33.7172 
-0.0318958 0.161326 0.986386 -13.5535 
0.097823 0.982653 -0.157553 -129.916 
0 0 0 1 
2.81227 0 0 0 
0 4.21635 0 0 
0 0 -1.00001 -1.00001 
0 0 -1 0 
./img0118.jpg
0.938587 -0.34357 0.031842 -48.4122 
0.105037 0.372406 0.922107 -16.8662 
0.328667 0.862133 -0.385623 -41.7644 
0 0 0 1 
2.52639 0 0 0 
0 1.68726 0 0 
0 0 -1.00001 -1.00001 
0 0 -1 0 
./img0119.jpg
0.94043 -0.322349 0.108088 -60.4789 
0.0857734 0.532579 0.842023 -25.7672 
0.32899 0.782592 -0.528502 -52.3514 
0 0 0 1 
4.67058 0 0 0 
0 7.01271 0 0 
0 0 -1.00001 -1.00001 
0 0 -1 0 
./img0121.jpg
0.974071 -0.210951 -0.0817653 -48.5692 
0.123516 0.193051 0.973383 -24.2141 
0.189551 0.958244 -0.214101 -102.621 
0 0 0 1 
6.67769 0 0 0 
0 4.44092 0 0 
0 0 -1.00001 -1.00001 
0 0 -1 0 
./img0123.jpg
0.804672 -0.589629 0.0695706 -15.3653 
0.0357375 0.165067 0.985635 -22.6812 
0.592643 0.790626 -0.153896 -197.715 
0 0 0 1 
4.26659 0 0 0 
0 6.41058 0 0 
0 0 -1.00001 -1.00001 
0 0 -1 0 
./img0124.jpg
0.657424 -0.740478 0.139591 -4.12201 
0.110675 0.278132 0.954145 -19.9481 
0.745349 0.611828 -0.264804 -77.3682 
0 0 0 1 
1.39675 0 0 0 
0 2.0941 0 0 
0 0 -1.00001 -1.00001 
0 0 -1 0 
./img0125.jpg
0.999256 0.00576976 0.0381448 -51.4582 
-0.0361895 0.482744 0.875014 -15.4774 
0.0133656 0.875742 -0.482593 -62.7874 
0 0 0 1 
9.9674 0 0 0 
0 6.63845 0 0 
0 0 -1.00001 -1.00001 
0 0 -1 0 
./img0126.jpg
0.78751 -0.614486 0.0472769 -44.2514 
0.194815 0.320978 0.926834 -32.4702 
0.584702 0.72068 -0.372484 -75.4876 
0 0 0 1 
17.2463 0 0 0 
0 21.303 0 0 
0 0 -1.00001 -1.00001 
0 0 -1 0 
./img0127.jpg
0.833592 -0.548926 0.0616756 -45.4616 
0.157864 0.343739 0.925701 -24.576 
0.529342 0.761921 -0.373194 -72.8887 
0 0 0 1 
4.84097 0 0 0 
0 2.72987 0 0 
0 0 -1.00001 -1.00001 
0 0 -1 0 
./img0130.jpg
0.985859 -0.143893 0.0858914 -42.1646 
-0.0396737 0.297563 0.953878 -23.7428 
0.162814 0.943796 -0.287646 -51.3769 
0 0 0 1 
2.651 0 0 0 
0 1.7682 0 0 
0 0 -1.00001 -1.00001 
0 0 -1 0 
./img0131.jpg
0.860043 -0.510135 -0.00942552 -40.0255 
0.11979 0.183929 0.975613 -16.0342 
0.495961 0.840198 -0.219296 -76.5802 
0 0 0 1 
2.58501 0 0 0 
0 1.72418 0 0 
0 0 -1.00001 -1.00001 
0 0 -1 0 
./img0132.jpg
0.989799 0.142286 0.00725354 -43.7165 
-0.0374818 0.210944 0.976779 -8.00514 
-0.137452 0.967087 -0.214125 -78.3773 
0 0 0 1 
2.8809 0 0 0 
0 1.92154 0 0 
0 0 -1.00001 -1.00001 
0 0 -1 0 
./img0133.jpg
0.738522 -0.674207 0.00547307 -26.7163 
0.419297 0.465621 0.77935 -37.8705 
0.527992 0.573272 -0.626565 -46.3025 
0 0 0 1 
1.39245 0 0 0 
0 2.08765 0 0 
0 0 -1.00001 -1.00001 
0 0 -1 0 
./img0135.jpg
0.991706 0.119765 0.0466328 -51.4254 
-0.0824298 0.314314 0.945733 -8.09636 
-0.0986087 0.941734 -0.32158 -57.9225 
0 0 0 1 
2.29634 0 0 0 
0 2.7556 0 0 
0 0 -1.00001 -1.00001 
0 0 -1 0 
./img0136.jpg
0.987041 -0.157209 0.0321821 -50.504 
0.0452127 0.464877 0.88422 -28.1315 
0.153968 0.871306 -0.465961 -53.1677 
0 0 0 1 
7.80508 0 0 0 
0 5.18306 0 0 
0 0 -1.00001 -1.00001 
0 0 -1 0 
./img0137.jpg
0.984438 -0.174477 0.0209631 -48.148 
0.00721283 0.159307 0.987203 -13.8928 
0.175584 0.971689 -0.158086 -114.107 
0 0 0 1 
5.64875 0 0 0 
0 3.76216 0 0 
0 0 -1.00001 -1.00001 
0 0 -1 0 
./img0138.jpg
0.973705 0.226279 -0.0263756 -51.2181 
-0.163381 0.774309 0.611352 -7.48635 
-0.158759 0.590968 -0.790919 -2.13863 
0 0 0 1 
6.11474 0 0 0 
0 4.58605 0 0 
0 0 -1.00001 -1.00001 
0 0 -1 0 
./img0139.jpg
0.99688 -0.0686658 0.0389209 -54.0547 
-0.0148603 0.321011 0.946959 -13.8752 
0.0775177 0.944583 -0.318989 -60.4745 
0 0 0 1 
4.21004 0 0 0 
0 3.15506 0 0 
0 0 -1.00001 -1.00001 
0 0 -1 0 
./img0140.jpg
0.99042 0.1373 0.0147121 -62.8963 
-0.0415255 0.194535 0.980016 -16.1424 
-0.131694 0.971239 -0.198373 -128.365 
0 0 0 1 
3.34618 0 0 0 
0 6.04 0 0 
0 0 -1.00001 -1.00001 
0 0 -1 0 
./img0141.jpg
0.738938 -0.672014 0.0486617 -41.8194 
0.419972 0.515864 0.746664 -36.2916 
0.526871 0.531302 -0.663419 -42.2163 
0 0 0 1 
2.19795 0 0 0 
0 2.9306 0 0 
0 0 -1.00001 -1.00001 
0 0 -1 0 
./img0142.jpg
0.817207 -0.574027 0.051636 -49.2027 
0.119702 0.256683 0.959054 -26.3108 
0.563777 0.777565 -0.278476 -63.1322 
0 0 0 1 
2.47877 0 0 0 
0 1.95348 0 0 
0 0 -1.00001 -1.00001 
0 0 -1 0 
./img0143.jpg
0.99866 -0.000312396 0.0517519 -54.8293 
-0.0409237 0.607359 0.793373 -20.9263 
0.0316798 0.794428 -0.606532 -36.948 
0 0 0 1 
9.98513 0 0 0 
0 7.03951 0 0 
0 0 -1.00001 -1.00001 
0 0 -1 0 
./img0145.jpg
0.941188 -0.334864 0.0450719 -42.5971 
0.108972 0.4271 0.897614 -23.5978 
0.319829 0.839912 -0.438472 -54.0002 
0 0 0 1 
2.1231 0 0 0 
0 1.59232 0 0 
0 0 -1.00001 -1.00001 
0 0 -1 0 
./img0146.jpg
0.992487 0.119439 0.0265371 -52.0421 
-0.0330261 0.0526824 0.998065 2.87377 
-0.11781 0.991443 -0.0562312 -131.184 
0 0 0 1 
4.50204 0 0 0 
0 2.99843 0 0 
0 0 -1.00001 -1.00001 
0 0 -1 0 
./img0148.jpg
0.621177 -0.781594 0.057001 -29.6171 
0.0631905 0.122455 0.990461 -25.4446 
0.781118 0.61165 -0.125455 -213.902 
0 0 0 1 
12.0327 0 0 0 
0 8.26045 0 0 
0 0 -1.00001 -1.00001 
0 0 -1 0 
./img0149.jpg
0.995671 -0.0849902 0.037633 -27.6951 
-0.0292943 0.0973132 0.994823 -0.660733 
0.0882123 0.991618 -0.0944022 -153.436 
0 0 0 1 
1.63001 0 0 0 
0 2.44381 0 0 
0 0 -1.00001 -1.00001 
0 0 -1 0 
./img0150.jpg
0.496478 -0.865573 -0.0655281 -18.7335 
0.79146 0.420377 0.443705 -53.4532 
0.356512 0.272152 -0.893774 -22.9153 
0 0 0 1 
1.50045 0 0 0 
0 2.3986 0 0 
0 0 -1.00001 -1.00001 
0 0 -1 0 
./img0151.jpg
0.914844 -0.39514 0.0832167 -18.0111 
0.00772969 0.223178 0.974747 -18.1728 
0.403733 0.891098 -0.207228 -97.6628 
0 0 0 1 
1.82837 0 0 0 
0 2.74122 0 0 
0 0 -1.00001 -1.00001 
0 0 -1 0 
./img0152.jpg
0.99989 -0.00488599 0.0139806 -55.0518 
-0.0116608 0.322227 0.946591 -19.8394 
0.00912996 0.94665 -0.322135 -68.6452 
0 0 0 1 
2.72763 0 0 0 
0 3.39257 0 0 
0 0 -1.00001 -1.00001 
0 0 -1 0 
./img0154.jpg
0.79159 0.608756 -0.0529274 -41.2109 
-0.425469 0.611274 0.667323 4.50667 
-0.43859 0.505727 -0.742886 6.82889 
0 0 0 1 
13.8596 0 0 0 
0 9.17997 0 0 
0 0 -1.00001 -1.00001 
0 0 -1 0 
./img0156.jpg
0.817052 -0.575849 0.0287118 -46.8929 
0.247084 0.394703 0.884963 -23.0347 
0.520937 0.715966 -0.464776 -44.132 
0 0 0 1 
2.15348 0 0 0 
0 1.61511 0 0 
0 0 -1.00001 -1.00001 
0 0 -1 0 
./img0157.jpg
0.80101 -0.598137 0.0248187 -34.7776 
0.220937 0.333895 0.916352 -35.4547 
0.55639 0.728523 -0.399604 -90.3777 
0 0 0 1 
4.11845 0 0 0 
0 2.75904 0 0 
0 0 -1.00001 -1.00001 
0 0 -1 0 
./img0158.jpg
0.611444 0.788126 -0.0706683 -31.7964 
-0.570865 0.5012 0.650316 14.7411 
-0.54795 0.35729 -0.756369 16.257 
0 0 0 1 
15.8614 0 0 0 
0 23.6863 0 0 
0 0 -1.00001 -1.00001 
0 0 -1 0 
./img0159.jpg
0.999583 0.00921829 -0.0273532 -54.722 
0.0240971 0.255185 0.966592 -15.7543 
-0.0158904 0.966848 -0.254857 -29.8718 
0 0 0 1 
2.64329 0 0 0 
0 1.76219 0 0 
0 0 -1.00001 -1.00001 
0 0 -1 0 
./img0160.jpg
0.994589 0.100531 0.0262025 -55.8656 
-0.0740704 0.509336 0.857374 -21.5601 
-0.0728471 0.854675 -0.514027 -41.9396 
0 0 0 1 
7.40051 0 0 0 
0 5.78887 0 0 
0 0 -1.00001 -1.00001 
0 0 -1 0 
./img0161.jpg
0.999023 -0.043858 -0.00539157 -54.22 
0.0242842 0.442988 0.896199 -25.3365 
0.036917 0.895454 -0.44362 -40.814 
0 0 0 1 
7.14825 0 0 0 
0 5.24252 0 0 
0 0 -1.00001 -1.00001 
0 0 -1 0 
./img0162.jpg
0.855311 -0.495146 0.152558 -52.1836 
0.222679 0.61717 0.754663 -31.6623 
0.467822 0.6115 -0.63813 -47.2024 
0 0 0 1 
6.07184 0 0 0 
0 4.55388 0 0 
0 0 -1.00001 -1.00001 
0 0 -1 0 
./img0163.jpg
0.968959 0.247005 0.0103618 -49.1995 
-0.0810503 0.277792 0.957216 -9.65729 
-0.233558 0.928343 -0.289189 -51.6139 
0 0 0 1 
3.91296 0 0 0 
0 3.39876 0 0 
0 0 -1.00001 -1.00001 
0 0 -1 0 
./img0164.jpg
0.636033 0.766869 -0.085876 -37.1723 
-0.627758 0.578926 0.520351 24.7355 
-0.448757 0.277051 -0.849624 19.2341 
0 0 0 1 
1.67656 0 0 0 
0 2.52471 0 0 
0 0 -1.00001 -1.00001 
0 0 -1 0 
./img0165.jpg
0.960194 0.279303 0.00425639 -46.2083 
-0.169422 0.570192 0.803852 -10.8524 
-0.222091 0.772574 -0.594815 -19.6973 
0 0 0 1 
6.00909 0 0 0 
0 9.61454 0 0 
0 0 -1.00001 -1.00001 
0 0 -1 0 
./img0167.jpg
0.963257 0.268557 -0.00370916 -66.2961 
-0.0465347 0.180479 0.982477 -13.9478 
-0.264521 0.946205 -0.186345 -115.21 
0 0 0 1 
5.3289 0 0 0 
0 6.2009 0 0 
0 0 -1.00001 -1.00001 
0 0 -1 0 
./img0170.jpg
0.866617 -0.494929 0.063413 -48.7469 
0.148022 0.376365 0.914571 -27.1901 
0.476514 0.783195 -0.399424 -69.182 
0 0 0 1 
4.74499 0 0 0 
0 3.87508 0 0 
0 0 -1.00001 -1.00001 
0 0 -1 0 
./img0171.jpg
0.998374 -0.0559743 0.0107982 -57.5528 
0.0157559 0.452985 0.891379 -20.4404 
0.0547857 0.889759 -0.45313 -40.7172 
0 0 0 1 
4.35199 0 0 0 
0 3.264 0 0 
0 0 -1.00001 -1.00001 
0 0 -1 0 
./img0173.jpg
0.980486 -0.190546 0.0483695 -17.7753 
-0.0246281 0.125048 0.991845 -8.21332 
0.195041 0.973681 -0.117916 -148.495 
0 0 0 1 
1.67584 0 0 0 
0 2.68134 0 0 
0 0 -1.00001 -1.00001 
0 0 -1 0 
./img0174.jpg
0.988092 0.153219 0.0140863 -51.8048 
-0.0829371 0.453257 0.887513 -8.22515 
-0.129599 0.878113 -0.460567 -25.1839 
0 0 0 1 
3.52939 0 0 0 
0 2.34987 0 0 
0 0 -1.00001 -1.00001 
0 0 -1 0 
./img0175.jpg
0.997006 -0.0759369 0.0145664 -57.5421 
0.013191 0.352669 0.935655 -15.6094 
0.0761878 0.932662 -0.352615 -44.4523 
0 0 0 1 
2.3876 0 0 0 
0 1.73941 0 0 
0 0 -1.00001 -1.00001 
0 0 -1 0 
./img0177.jpg
0.822986 0.561954 -0.0830764 -44.3942 
-0.403525 0.68126 0.610781 13.4399 
-0.399827 0.46914 -0.78743 15.8445 
0 0 0 1 
1.84195 0 0 0 
0 1.19802 0 0 
0 0 -1.00001 -1.00001 
0 0 -1 0 
./img0178.jpg
0.900601 -0.428488 0.072912 -17.9675 
0.0213425 0.211143 0.977222 -17.7742 
0.434123 0.878531 -0.199301 -103.852 
0 0 0 1 
2.1772 0 0 0 
0 2.90293 0 0 
0 0 -1.00001 -1.00001 
0 0 -1 0 
./img0179.jpg
0.724951 -0.685784 0.0643985 -19.8572 
0.15838 0.256951 0.953358 -22.606 
0.670345 0.680938 -0.294891 -75.5578 
0 0 0 1 
1.64684 0 0 0 
0 2.19579 0 0 
0 0 -1.00001 -1.00001 
0 0 -1 0 
./img0181.jpg
0.770081 -0.637634 0.0199629 -28.8392 
0.373726 0.476274 0.795922 -35.7284 
0.517015 0.605464 -0.60507 -47.1984 
0 0 0 1 
1.59208 0 0 0 
0 2.20309 0 0 
0 0 -1.00001 -1.00001 
0 0 -1 0 
./img0183.jpg
0.844431 -0.531372 0.0676745 -13.3192 
0.0160323 0.151352 0.98835 -17.5883 
0.535425 0.833508 -0.136325 -187.321 
0 0 0 1 
3.28451 0 0 0 
0 4.37935 0 0 
0 0 -1.00001 -1.00001 
0 0 -1 0 
./img0185.jpg
0.983285 0.182072 -0.000686629 -52.0666 
-0.0813995 0.442969 0.892834 -16.8045 
-0.162864 0.877855 -0.450385 -152.535 
0 0 0 1 
39.6783 0 0 0 
0 53.0425 0 0 
0 0 -1.00001 -1.00001 
0 0 -1 0 
./img0187.jpg
0.684897 -0.721376 0.102632 -2.11572 
0.0455473 0.182965 0.982064 -11.8318 
0.727215 0.667938 -0.158169 -78.7705 
0 0 0 1 
1.90856 0 0 0 
0 2.78487 0 0 
0 0 -1.00001 -1.00001 
0 0 -1 0 
./img0189.jpg
0.997407 -0.0603606 0.0391977 -34.5691 
-0.0316782 0.120849 0.992165 -7.53799 
0.0646247 0.990834 -0.118623 -166.5 
0 0 0 1 
3.49069 0 0 0 
0 4.41837 0 0 
0 0 -1.00001 -1.00001 
0 0 -1 0 
./img0190.jpg
0.923742 -0.382943 0.0074842 -57.7203 
0.219892 0.546224 0.808262 -30.3599 
0.313606 0.74498 -0.588775 -38.2091 
0 0 0 1 
1.93791 0 0 0 
0 2.90545 0 0 
0 0 -1.00001 -1.00001 
0 0 -1 0 
./img0192.jpg
0.994374 0.104197 0.01907 -58.6708 
-0.0368915 0.171896 0.984424 -13.16 
-0.0992958 0.979589 -0.174773 -130.2 
0 0 0 1 
3.67489 0 0 0 
0 5.1561 0 0 
0 0 -1.00001 -1.00001 
0 0 -1 0 
./img0194.jpg
0.920212 -0.389163 0.0419757 -40.4851 
0.0192265 0.15205 0.988186 -17.532 
0.390947 0.908534 -0.147401 -177.909 
0 0 0 1 
6.0376 0 0 0 
0 5.97864 0 0 
0 0 -1.00001 -1.00001 
0 0 -1 0 
./img0195.jpg
0.642732 -0.763309 0.0652307 -28.2769 
-0.164371 -0.0542382 0.984906 -2.24497 
0.74825 0.643753 0.160327 -272.855 
0 0 0 1 
12.2621 0 0 0 
0 8.15474 0 0 
0 0 -1.00001 -1.00001 
0 0 -1 0 
./img0196.jpg
0.920939 0.382628 -0.0739319 -47.3092 
-0.186485 0.599274 0.77852 -9.40837 
-0.342189 0.703183 -0.62325 -9.27889 
0 0 0 1 
9.99379 0 0 0 
0 8.08386 0 0 
0 0 -1.00001 -1.00001 
0 0 -1 0 
./img0197.jpg
0.904576 -0.423048 0.0526534 -36.9763 
0.0212431 0.168086 0.985544 -19.9543 
0.425782 0.890381 -0.161033 -170.162 
0 0 0 1 
9.03454 0 0 0 
0 9.03454 0 0 
0 0 -1.00001 -1.00001 
0 0 -1 0 
./img0198.jpg
0.980943 -0.166818 0.0996108 -47.7337 
-0.068135 0.184773 0.980417 -16.6205 
0.181956 0.96852 -0.169886 -198.926 
0 0 0 1 
13.0999 0 0 0 
0 8.86545 0 0 
0 0 -1.00001 -1.00001 
0 0 -1 0 
./img0199.jpg
0.962374 -0.265636 0.0572212 -81.2815 
0.0214299 0.284122 0.958549 -14.3824 
0.270882 0.921256 -0.279124 -71.6046 
0 0 0 1 
1.74392 0 0 0 
0 2.54463 0 0 
0 0 -1.00001 -1.00001 
0 0 -1 0 
./img0202.jpg
0.946924 0.321457 0.000143421 -51.0196 
0.0707545 -0.208859 0.975383 -20.1409 
-0.313573 0.923604 0.220518 -1.23365 
0 0 0 1 
0.994687 0 0 0 
0 0.746015 0 0 
0 0 -1.00001 -1.00001 
0 0 -1 0 
./img0203.jpg
0.939635 -0.336421 0.0625012 -18.8934 
-0.00568949 0.167271 0.985895 -14.1144 
0.34213 0.926737 -0.15526 -120.719 
0 0 0 1 
2.5786 0 0 0 
0 3.43814 0 0 
0 0 -1.00001 -1.00001 
0 0 -1 0 
./img0204.jpg
0.746162 0.660226 -0.0856938 -41.9398 
-0.437776 0.583535 0.683987 4.22971 
-0.501592 0.472851 -0.724443 4.61877 
0 0 0 1 
4.08908 0 0 0 
0 6.69308 0 0 
0 0 -1.00001 -1.00001 
0 0 -1 0 
./img0205.jpg
0.997088 -0.0301057 0.070071 -58.7952 
-0.0293772 0.69627 0.717179 -10.6844 
0.0703796 0.717148 -0.693358 -16.757 
0 0 0 1 
2.30471 0 0 0 
0 2.30471 0 0 
0 0 -1.00001 -1.00001 
0 0 -1 0 
./img0207.jpg
0.99843 -0.026249 0.0494751 -54.8969 
-0.0316749 0.463886 0.885329 -21.0922 
0.0461898 0.885506 -0.462326 -23.6989 
0 0 0 1 
2.88292 0 0 0 
0 2.99524 0 0 
0 0 -1.00001 -1.00001 
0 0 -1 0 
./img0209.jpg
0.939077 0.0249086 -0.342803 -35.2301 
0.342414 0.018617 0.939365 -16.1443 
-0.0297802 0.999516 -0.00895381 -50.149 
0 0 0 1 
1.86201 0 0 0 
0 1.24013 0 0 
0 0 -1.00001 -1.00001 
0 0 -1 0 
./img0210.jpg
0.247231 -0.889012 0.385402 -20.8132 
0.118861 0.422571 0.898502 -30.8183 
0.961639 0.176328 -0.210141 -66.826 
0 0 0 1 
2.08816 0 0 0 
0 1.56497 0 0 
0 0 -1.00001 -1.00001 
0 0 -1 0 
./img0211.jpg
0.988963 0.14531 0.0289379 -53.6056 
-0.136449 0.817114 0.560095 -5.35488 
-0.0577417 0.557862 -0.827923 -3.99337 
0 0 0 1 
3.90207 0 0 0 
0 2.87321 0 0 
0 0 -1.00001 -1.00001 
0 0 -1 0 
./img0212.jpg
0.990738 0.13496 0.0149846 -62.648 
-0.0384109 0.172695 0.984226 -13.2053 
-0.130243 0.975685 -0.17628 -128.433 
0 0 0 1 
3.29525 0 0 0 
0 5.18937 0 0 
0 0 -1.00001 -1.00001 
0 0 -1 0 
./img0213.jpg
0.936669 0.345939 -0.0545592 -52.9907 
-0.180959 0.611455 0.77031 -4.52375 
-0.299841 0.711652 -0.635332 -2.5228 
0 0 0 1 
2.20765 0 0 0 
0 2.94276 0 0 
0 0 -1.00001 -1.00001 
0 0 -1 0 
./img0214.jpg
0.909235 0.416227 -0.00685019 -68.0723 
-0.0653989 0.159075 0.985098 -10.846 
-0.411114 0.895238 -0.171857 -107.915 
0 0 0 1 
4.16335 0 0 0 
0 6.26952 0 0 
0 0 -1.00001 -1.00001 
0 0 -1 0 
./img0217.jpg
0.998921 -0.0074645 0.0458298 -42.3451 
-0.0450357 0.0846172 0.995395 -1.65198 
0.0113081 0.996386 -0.0841897 -129.467 
0 0 0 1 
5.11293 0 0 0 
0 3.41028 0 0 
0 0 -1.00001 -1.00001 
0 0 -1 0 
./img0218.jpg
0.998379 0.0485396 0.0297267 -53.9435 
-0.0462419 0.387172 0.920847 -19.1948 
-0.0331882 0.920729 -0.388789 -78.9836 
0 0 0 1 
36.1383 0 0 0 
0 54.2075 0 0 
0 0 -1.00001 -1.00001 
0 0 -1 0 
./img0219.jpg
0.479278 -0.871475 0.104035 -10.9779 
0.186498 0.216954 0.958201 -32.5706 
0.857619 0.439843 -0.26651 -64.6223 
0 0 0 1 
1.05041 0 0 0 
0 1.40055 0 0 
0 0 -1.00001 -1.00001 
0 0 -1 0 
./img0220.jpg
0.982114 -0.167357 0.0862791 -49.1317 
-0.0305561 0.310491 0.950085 -16.4854 
0.185792 0.935728 -0.299824 -26.2535 
0 0 0 1 
0.948459 0 0 0 
0 0.704063 0 0 
0 0 -1.00001 -1.00001 
0 0 -1 0 
./img0224.jpg
0.871555 -0.486921 0.0574442 -48.7777 
0.19688 0.454864 0.868526 -34.251 
0.449033 0.745658 -0.492304 -67.7141 
0 0 0 1 
8.13049 0 0 0 
0 5.41504 0 0 
0 0 -1.00001 -1.00001 
0 0 -1 0 
./img0228.jpg
0.808263 -0.588349 0.0235676 -32.0689 
0.14322 0.23526 0.961322 -20.2356 
0.571138 0.773626 -0.274415 -72.2226 
0 0 0 1 
2.12961 0 0 0 
0 1.42043 0 0 
0 0 -1.00001 -1.00001 
0 0 -1 0 
./img0232.jpg
0.850386 -0.522435 0.0624884 -47.2417 
0.200161 0.431048 0.879848 -35.9433 
0.486599 0.735703 -0.471128 -70.7284 
0 0 0 1 
9.04317 0 0 0 
0 5.9964 0 0 
0 0 -1.00001 -1.00001 
0 0 -1 0 
./img0234.jpg
0.99354 0.109503 0.0297899 -70.0674 
-0.0441936 0.131564 0.990322 -9.23844 
-0.104524 0.985241 -0.135553 -132.634 
0 0 0 1 
3.52449 0 0 0 
0 4.69514 0 0 
0 0 -1.00001 -1.00001 
0 0 -1 0 
./img0236.jpg
0.857594 -0.509448 0.0706822 -48.1038 
0.278077 0.574877 0.769538 -26.4346 
0.432673 0.640296 -0.634677 -37.0802 
0 0 0 1 
4.42743 0 0 0 
0 1.90411 0 0 
0 0 -1.00001 -1.00001 
0 0 -1 0 
./img0237.jpg
0.999788 0.00280289 0.0203799 -55.482 
-0.0198294 0.395022 0.918458 -20.7129 
0.00547621 0.918667 -0.394994 -41.1643 
0 0 0 1 
5.74589 0 0 0 
0 3.82686 0 0 
0 0 -1.00001 -1.00001 
0 0 -1 0 
./img0238.jpg
0.719734 -0.690485 0.0721976 -16.9465 
0.0537675 0.15912 0.985794 -29.6624 
0.692164 0.705628 -0.15165 -239.252 
0 0 0 1 
4.47494 0 0 0 
0 6.70913 0 0 
0 0 -1.00001 -1.00001 
0 0 -1 0 
./img0241.jpg
0.695561 -0.71619 0.0571566 -40.1912 
0.466784 0.510946 0.721836 -46.3625 
0.546176 0.475401 -0.6897 -48.9099 
0 0 0 1 
3.9892 0 0 0 
0 2.73868 0 0 
0 0 -1.00001 -1.00001 
0 0 -1 0 
./img0243.jpg
0.785246 -0.615555 0.0669422 -15.7765 
0.0294688 0.145144 0.988972 -19.6285 
0.618482 0.774613 -0.132113 -205.001 
0 0 0 1 
5.0664 0 0 0 
0 7.5996 0 0 
0 0 -1.00001 -1.00001 
0 0 -1 0 
./img0245.jpg
0.774122 -0.632447 0.0272972 -42.0411 
0.311538 0.418155 0.853282 -32.4478 
0.55107 0.652041 -0.520734 -52.2392 
0 0 0 1 
3.43302 0 0 0 
0 2.28868 0 0 
0 0 -1.00001 -1.00001 
0 0 -1 0 
./img0247.jpg
0.813265 -0.575227 0.0878297 -49.7785 
0.0268704 0.187901 0.98182 -19.3049 
0.581272 0.79612 -0.16827 -9732.97 
0 0 0 1 
284.94 0 0 0 
0 358.891 0 0 
0 0 -1.00001 -1.00001 
0 0 -1 0 
./img0248.jpg
0.999136 0.00124761 0.0415442 -54.1959 
-0.0405658 0.246899 0.968192 -14.8024 
0.00904927 0.969041 -0.246736 -48.7111 
0 0 0 1 
3.12809 0 0 0 
0 2.66335 0 0 
0 0 -1.00001 -1.00001 
0 0 -1 0 
./img0249.jpg
0.80515 -0.590044 0.059843 -45.3401 
0.223346 0.39514 0.891056 -31.949 
0.549409 0.704068 -0.449931 -1706.87 
0 0 0 1 
273.017 0 0 0 
0 342.61 0 0 
0 0 -1.00001 -1.00001 
0 0 -1 0 
./img0252.jpg
0.867347 0.493156 -0.067128 -61.5254 
-0.144592 0.378736 0.91414 -5.27583 
-0.476237 0.783171 -0.399802 -2.80473 
0 0 0 1 
1.30225 0 0 0 
0 1.73787 0 0 
0 0 -1.00001 -1.00001 
0 0 -1 0 
./img0254.jpg
0.892074 0.444769 -0.0799 -46.2429 
-0.245291 0.625097 0.741003 -6.18912 
-0.37952 0.641431 -0.666731 -3.96382 
0 0 0 1 
2.71626 0 0 0 
0 4.0724 0 0 
0 0 -1.00001 -1.00001 
0 0 -1 0 
./img0255.jpg
0.926345 -0.370446 0.068225 -60.2489 
0.190523 0.617044 0.763516 -29.124 
0.324939 0.694281 -0.642175 -47.2358 
0 0 0 1 
2.84547 0 0 0 
0 3.49791 0 0 
0 0 -1.00001 -1.00001 
0 0 -1 0 
./img0256.jpg
0.773533 -0.629066 0.0769549 -22.8174 
0.120232 0.264885 0.956755 -21.8843 
0.622246 0.730829 -0.280531 -162.329 
0 0 0 1 
2.80702 0 0 0 
0 3.88068 0 0 
0 0 -1.00001 -1.00001 
0 0 -1 0 
./img0258.jpg
0.908389 -0.414419 0.0555515 -37.5437 
0.0244266 0.185228 0.982392 -23.0898 
0.417412 0.891037 -0.178382 -176.77 
0 0 0 1 
6.2231 0 0 0 
0 9.169 0 0 
0 0 -1.00001 -1.00001 
0 0 -1 0 
./img0259.jpg
0.962712 -0.267786 0.0384141 6.4565 
0.00168644 0.147935 0.988996 -11.9872 
0.270522 0.952054 -0.142871 -132.449 
0 0 0 1 
2.95278 0 0 0 
0 4.43805 0 0 
0 0 -1.00001 -1.00001 
0 0 -1 0 
./img0260.jpg
0.680742 -0.73077 0.0506481 -10.3928 
-0.00619221 0.0633988 0.997969 -17.731 
0.732497 0.679673 -0.0386331 -231.492 
0 0 0 1 
4.78641 0 0 0 
0 7.05961 0 0 
0 0 -1.00001 -1.00001 
0 0 -1 0 
./img0261.jpg
0.983714 -0.171575 -0.0535637 -47.3522 
0.109064 0.332906 0.936631 -22.9366 
0.142871 0.927219 -0.346197 -38.733 
0 0 0 1 
2.43753 0 0 0 
0 1.82815 0 0 
0 0 -1.00001 -1.00001 
0 0 -1 0 
./img0263.jpg
0.896602 -0.436142 0.0767151 -50.1098 
0.233594 0.612975 0.754781 -34.4855 
0.376216 0.658818 -0.651475 -43.57 
0 0 0 1 
6.074 0 0 0 
0 4.04933 0 0 
0 0 -1.00001 -1.00001 
0 0 -1 0 
./img0265.jpg
0.934919 0.350947 -0.0525685 -49.1478 
-0.146377 0.516336 0.843784 -12.3844 
-0.323266 0.781174 -0.534103 -24.3143 
0 0 0 1 
8.72089 0 0 0 
0 13.0232 0 0 
0 0 -1.00001 -1.00001 
0 0 -1 0 
./img0266.jpg
0.922221 -0.380833 0.0668891 -4.21955 
0.00128937 0.176019 0.984386 -18.7161 
0.38666 0.907736 -0.162819 -194.444 
0 0 0 1 
3.10855 0 0 0 
0 3.91051 0 0 
0 0 -1.00001 -1.00001 
0 0 -1 0 
./img0267.jpg
0.930914 0.108425 -0.348773 -40.5709 
0.274026 0.423995 0.863214 -31.9421 
-0.241472 0.899151 -0.364991 -88.1499 
0 0 0 1 
13.1383 0 0 0 
0 8.75034 0 0 
0 0 -1.00001 -1.00001 
0 0 -1 0 
./img0268.jpg
0.623653 -0.776359 0.0912312 -8.0569 
0.260348 0.316336 0.912223 -32.704 
0.737072 0.545158 -0.399408 -76.3591 
0 0 0 1 
1.08562 0 0 0 
0 1.63252 0 0 
0 0 -1.00001 -1.00001 
0 0 -1 0 
./img0273.jpg
0.672348 0.735173 -0.0864245 -35.4353 
-0.575067 0.59227 0.564371 22.7895 
-0.466097 0.329754 -0.820985 20.4033 
0 0 0 1 
2.00657 0 0 0 
0 2.68943 0 0 
0 0 -1.00001 -1.00001 
0 0 -1 0 
./img0275.jpg
0.935031 0.354224 -0.0155552 -49.1072 
-0.200012 0.563171 0.801769 -10.6121 
-0.292766 0.746568 -0.597431 -16.3054 
0 0 0 1 
6.15241 0 0 0 
0 4.0976 0 0 
0 0 -1.00001 -1.00001 
0 0 -1 0 
./img0277.jpg
0.890292 -0.448531 0.0787427 -8.84371 
-0.000267832 0.172397 0.985028 -16.7914 
0.455391 0.876983 -0.153363 -119.057 
0 0 0 1 
1.62717 0 0 0 
0 2.66169 0 0 
0 0 -1.00001 -1.00001 
0 0 -1 0 
./img0279.jpg
0.972546 0.23266 -0.00481177 -65.2713 
-0.0427474 0.198938 0.979079 -16.0104 
-0.22875 0.951994 -0.203422 -116.26 
0 0 0 1 
3.18145 0 0 0 
0 4.78086 0 0 
0 0 -1.00001 -1.00001 
0 0 -1 0 
./img0281.jpg
0.996487 0.0825217 0.0142397 -65.5838 
-0.0341419 0.245089 0.968899 -12.3483 
-0.0764652 0.965982 -0.247045 -81.8465 
0 0 0 1 
5.48205 0 0 0 
0 4.11154 0 0 
0 0 -1.00001 -1.00001 
0 0 -1 0 
./img0282.jpg
0.986482 0.161469 0.0279511 -43.4465 
-0.0773232 0.308269 0.948152 -22.1026 
-0.144481 0.937495 -0.316587 -243.261 
0 0 0 1 
18.0435 0 0 0 
0 11.644 0 0 
0 0 -1.00001 -1.00001 
0 0 -1 0 
./img0283.jpg
0.684347 -0.72663 0.0606543 -7.92981 
0.0131367 0.0954572 0.995347 -12.0482 
0.729038 0.680365 -0.0748714 -247.144 
0 0 0 1 
4.47415 0 0 0 
0 6.70786 0 0 
0 0 -1.00001 -1.00001 
0 0 -1 0 
./img0284.jpg
0.676492 0.735576 -0.0358717 -34.1825 
-0.613823 0.590093 0.524416 15.2599 
-0.406915 0.332744 -0.850706 -7.61895 
0 0 0 1 
24.7465 0 0 0 
0 36.9548 0 0 
0 0 -1.00001 -1.00001 
0 0 -1 0 
./img0285.jpg
0.765257 0.6418 0.049733 -41.6568 
-0.255016 0.231319 0.93886 -11.4744 
-0.591057 0.731152 -0.340688 16.287 
0 0 0 1 
2.86413 0 0 0 
0 1.91035 0 0 
0 0 -1.00001 -1.00001 
0 0 -1 0 
./img0286.jpg
0.909252 -0.409369 0.0753572 -31.5147 
0.0352854 0.256192 0.965982 -14.9785 
0.414749 0.875661 -0.247388 -67.4187 
0 0 0 1 
1.10849 0 0 0 
0 2.03902 0 0 
0 0 -1.00001 -1.00001 
0 0 -1 0 
./img0287.jpg
0.835346 -0.545492 0.0680866 -17.5903 
0.0368504 0.179143 0.983133 -15.1673 
0.548488 0.818747 -0.169748 -94.5151 
0 0 0 1 
1.52154 0 0 0 
0 2.41559 0 0 
0 0 -1.00001 -1.00001 
0 0 -1 0 
./img0288.jpg
0.938358 -0.340516 0.0594333 -11.7331 
-0.00242748 0.165444 0.986216 -15.1613 
0.345656 0.925569 -0.154419 -131.543 
0 0 0 1 
2.31265 0 0 0 
0 3.47237 0 0 
0 0 -1.00001 -1.00001 
0 0 -1 0 
./img0290.jpg
0.963409 -0.263916 0.046814 -37.1622 
-0.00254759 0.165632 0.986184 -15.3042 
0.268024 0.950218 -0.158899 -156.317 
0 0 0 1 
